teste11.pgm
100
147 131 9
303 183 6
199 301 6
359 201 18
181 110 15
339 239 15
287 224 7
252 329 17
57 216 13
174 352 18
18 141 7
45 270 8
187 258 14
127 103 18
246 54 12
34 49 9
280 327 12
157 92 10
124 199 11
74 221 11
110 333 30
73 325 40
40 333 38
257 238 11
198 276 13
334 142 32
275 286 15
247 142 15
26 29 26
112 293 30
184 67 26
312 300 10
101 90 18
123 342 33
101 104 19
300 40 12
287 45 25
207 303 15
53 120 38
301 41 30
328 220 33
285 34 19
97 242 35
31 27 13
63 216 38
148 54 28
92 341 17
171 267 24
265 77 16
312 67 27
263 93 44
253 317 57
278 259 47
205 172 32
162 163 40
39 271 60
50 69 38
252 351 57
50 279 22
59 163 48
27 291 47
304 10 20
93 49 53
48 163 22
138 332 44
340 353 34
2 204 31
282 23 52
335 183 30
118 210 26
124 176 58
342 96 32
251 80 38
33 311 29
351 177 52
259 351 58
148 114 31
338 192 54
222 252 47
11 130 28
313 337 65
122 114 51
294 103 75
40 45 73
219 7 67
335 123 77
178 119 63
196 26 53
293 227 74
31 58 52
182 305 61
116 203 69
302 324 50
7 255 58
211 288 70
199 71 54
110 323 54
39 282 72
36 315 72
187 89 71