teste5.pgm
100
4 8 25
8 9 3
7 5 3
1 11 5
8 7 6
0 11 7
2 1 13
2 1 15
8 11 13
6 1 14
3 6 17
7 8 1
6 2 16
2 3 2
2 9 16
3 0 20
1 2 12
7 10 13
6 1 10
3 4 15
6 2 2
7 3 8
1 2 1
8 8 14
1 10 16
8 4 12
5 5 14
9 9 1
1 7 16
1 5 5
6 11 17
8 9 13
3 5 4
8 10 1
6 5 12
1 5 13
5 9 19
4 0 9
2 4 13
5 0 4
4 6 3
5 2 14
3 2 4
9 0 15
0 2 7
6 9 18
1 9 4
3 10 9
8 2 15
2 4 16
6 0 2
0 1 5
2 5 12
6 6 18
0 5 20
5 10 15
3 6 5
5 3 16
2 2 14
7 11 6
6 11 5
0 4 16
3 9 11
0 3 17
6 5 19
3 7 9
0 4 12
8 0 6
0 4 10
8 10 14
8 2 17
7 8 18
0 10 9
7 2 10
4 2 9
8 0 8
3 9 4
6 11 12
9 8 7
4 4 17
5 0 13
1 9 12
0 9 1
4 10 10
5 10 3
5 6 3
8 6 11
1 0 17
8 0 12
5 5 6
6 10 12
0 6 10
0 8 18
5 5 3
1 8 19
3 7 15
9 8 5
4 9 12
0 0 12
8 7 10