teste9.pgm
100
27 138 45
476 232 45
99 247 62
466 68 36
213 339 37
464 173 69
248 397 74
159 179 75
266 51 21
404 423 49
499 345 77
277 203 16
395 24 47
153 417 35
294 152 69
197 466 29
189 473 78
397 400 67
472 87 90
471 39 76
123 448 14
163 142 41
413 368 77
406 475 93
294 115 20
12 42 100
281 473 63
95 446 35
289 460 51
43 244 27
472 483 24
408 268 57
502 478 84
58 337 95
116 148 13
433 377 18
330 92 94
394 230 81
208 147 84
186 297 36
17 89 70
442 34 36
329 44 77
369 291 49
287 286 81
252 499 17
394 499 40
485 197 99
362 304 88
413 212 58
481 49 94
203 318 53
434 148 66
123 470 69
191 69 58
330 225 20
433 44 68
199 247 37
409 486 100
468 13 31
246 29 26
427 178 78
195 22 67
9 82 91
279 462 11
144 173 38
267 216 78
181 496 48
334 313 48
418 83 10
165 375 57
206 121 11
251 460 33
249 180 49
373 245 98
152 298 10
408 126 68
170 141 59
342 113 50
197 16 32
107 9 62
254 462 22
218 249 19
102 85 41
9 138 19
99 29 50
116 71 61
436 480 28
481 301 29
149 32 23
103 178 65
426 275 73
426 38 76
10 304 49
233 361 64
284 478 71
396 26 62
480 13 42
114 228 41
490 150 87